1111 122 26 80 285
1111 122 26 80 285
1111 122 26 80 285
1111 122 26 80 285
1111 122 26 80 285
1111 122 26 80 285
1111 122 26 80 285
1111 122 26 80 285
1111 122 26 80 285
1111 43 19 32 34
1111 43 19 32 34
1111 45 15 32 34
1111 40 15 32 34
1111 35 13 32 34
1111 32 13 32 34
1111 32 16 32 34
1111 29 19 32 34
1111 36 20 32 34
1111 00 00 00 00
1111 250 77 30 20
1111 265 81 30 20
1111 250 77 30 20
1111 00 00 00 00 
1111 00 00 00 00 
1111 00 00 00 00 
1111 00 00 00 00 
1111 00 00 00 00 
1111 00 00 00 00 
1111 115 60 90 234
1111 115 60 90 234
1111 115 60 90 234
1111 115 60 90 234
1111 115 60 90 234
1111 115 60 90 234
1111 115 60 90 234
1111 115 60 90 234
1111 00 00 00 00 
1111 00 00 00 00 
1111 00 00 00 00 
1111 00 00 00 00 
1111 00 00 00 00 
1111 00 00 00 00 
1111 00 00 00 00
1111 00 00 00 00 
1111 00 00 00 00 
1111 00 00 00 00 
1111 00 00 00 00 
1111 00 00 00 00 
1111 00 00 00 00 
1111 00 00 00 00 
1111 00 00 00 00 
1111 00 00 00 00 
1111 00 00 00 00 
1111 00 00 00 00 
1111 00 00 00 00 
1111 00 00 00 00 
1111 00 00 00 00 
1111 00 00 00 00 
1111 00 00 00 00
1111 00 00 00 00 
1111 00 00 00 00 
1111 00 00 00 00 
1111 00 00 00 00 
1111 00 00 00 00 
1111 00 00 00 00 
1111 00 00 00 00 
1111 00 00 00 00 
1111 00 00 00 00 
1111 00 00 00 00 
1111 00 00 00 00 
1111 00 00 00 00 
1111 00 00 00 00 