1111 00 00 00 00 
1111 00 00 00 00 
1111 00 00 00 00 
1111 00 00 00 00 
1111 00 00 00 00 
1111 00 00 00 00 
1111 00 00 00 00 
1111 00 00 00 00 
1111 00 00 00 00 
1111 00 00 00 00 
1111 00 00 00 00 
1111 00 00 00 00 
1111 00 00 00 00 
1111 00 00 00 00 
1111 00 00 00 00 
1111 00 00 00 00 
1111 00 00 00 00 
1111 00 00 00 00 
1111 00 00 00 00
1111 250 77 30 20
1111 265 81 30 20
1111 250 77 30 20
1111 00 00 00 00 
1111 00 00 00 00 
1111 00 00 00 00 
1111 00 00 00 00 
1111 00 00 00 00 
1111 00 00 00 00 
1111 00 00 00 00 
1111 00 00 00 00 
1111 00 00 00 00 
1111 00 00 00 00 
1111 00 00 00 00 
1111 00 00 00 00 
1111 00 00 00 00 
1111 00 00 00 00 
1111 00 00 00 00 
1111 00 00 00 00 
1111 39 22 32 34 
1111 00 00 00 00 
1111 00 00 00 00 
1111 00 00 00 00 
1111 00 00 00 00 
1111 00 00 00 00
1111 00 00 00 00 
1111 00 00 00 00 
1111 00 00 00 00 
1111 00 00 00 00 
1111 00 00 00 00 
1111 00 00 00 00 
1111 00 00 00 00 
1111 00 00 00 00 
1111 00 00 00 00 
1111 00 00 00 00 
1111 00 00 00 00 
1111 00 00 00 00 
1111 00 00 00 00 
1111 00 00 00 00 
1111 00 00 00 00 
1111 00 00 00 00 
1111 00 00 00 00 
1111 00 00 00 00 
1111 00 00 00 00 
1111 00 00 00 00 
1111 00 00 00 00 
1111 00 00 00 00 
1111 00 00 00 00 
1111 00 00 00 00 
1111 00 00 00 00 
1111 00 00 00 00 
1111 00 00 00 00 
1111 00 00 00 00 
1111 00 00 00 00 
1111 00 00 00 00 